V 54
K 1
D 0 -762000 2794000 0
Y 1
U 2413000 762000 254000 0 2 3 REFDES=IC?
U 2413000 508000 254000 0 2 3 DEVICE=74HCT2G125DC,125
U 2413000 254000 254000 0 2 0 PKG_TYPE=SOP50P310X100-8N
U 2413000 0 254000 0 2 0 Description=74HC(T)2G125 - Dual buffer/line driver; 3-state@en-us
U 2413000 -254000 254000 0 2 0 Datasheet Link=https://assets.nexperia.com/documents/data-sheet/74HC_HCT2G125.pdf
U 2413000 -508000 254000 0 2 0 Height=1
U 2413000 -762000 254000 0 2 0 Mouser Part Number=771-HCT2G125DC125
U 2413000 -1016000 254000 0 2 0 Mouser Price/Stock=https://www.mouser.co.uk/ProductDetail/Nexperia/74HCT2G125DC125?qs=P62ublwmbi%252B%252B1eQ2FD8Fxg%3D%3D
U 2413000 -1270000 254000 0 2 0 Manufacturer_Name=Nexperia
U 2413000 -1524000 254000 0 2 0 Manufacturer_Part_Number=74HCT2G125DC,125
U 0 0 254000 0 1 0 FORWARD_PCB=1
l 5 508000 254000 2286000 254000 2286000 -1016000 508000 -1016000 508000 254000
|GRPHSTL -1 -1 -1 1
P 1 0 0 508000 0 0 2 0
L 584200 0 228600 0 2 0 3 0 ~1OE
A 355600 50800 203200 0 9 3 #=1
A 0 0 9 0 3 0 PINTYPE=BI
P 2 0 -254000 508000 -254000 0 2 0
L 584200 -254000 228600 0 2 0 3 0 1A
A 355600 -203200 203200 0 9 3 #=2
A 0 0 9 0 3 0 PINTYPE=BI
P 3 0 -508000 508000 -508000 0 2 0
L 584200 -508000 228600 0 2 0 3 0 2Y
A 355600 -457200 203200 0 9 3 #=3
A 0 0 9 0 3 0 PINTYPE=BI
P 4 0 -762000 508000 -762000 0 2 0
L 584200 -762000 228600 0 2 0 3 0 GND
A 355600 -711200 203200 0 9 3 #=4
A 0 0 9 0 3 0 PINTYPE=BI
P 5 2794000 0 2286000 0 0 3 0
L 2209800 0 228600 0 8 0 3 0 VCC
A 2438400 50800 203200 0 3 3 #=8
A 0 0 9 0 3 0 PINTYPE=BI
P 6 2794000 -254000 2286000 -254000 0 3 0
L 2209800 -254000 228600 0 8 0 3 0 ~2OE
A 2438400 -203200 203200 0 3 3 #=7
A 0 0 9 0 3 0 PINTYPE=BI
P 7 2794000 -508000 2286000 -508000 0 3 0
L 2209800 -508000 228600 0 8 0 3 0 1Y
A 2438400 -457200 203200 0 3 3 #=6
A 0 0 9 0 3 0 PINTYPE=BI
P 8 2794000 -762000 2286000 -762000 0 3 0
L 2209800 -762000 228600 0 8 0 3 0 2A
A 2438400 -711200 203200 0 3 3 #=5
A 0 0 9 0 3 0 PINTYPE=BI
E
